**
**
**Template:  Plate vibration
**
*NODE
1, 	100, 	0, 	0
2, 	92.387953251129, 	38.268343236509, 	0
3, 	70.710678118655, 	70.710678118655, 	0
4, 	38.268343236509, 	92.387953251129, 	0
5, 	0, 	100, 	0
6, 	-38.26834323651, 	92.387953251129, 	0
7, 	-70.71067811865, 	70.710678118655, 	0
8, 	-92.38795325113, 	38.268343236509, 	0
9, 	-100, 	0, 	0
10, 	-92.38795325113, 	-38.26834323651, 	0
11, 	-70.71067811865, 	-70.71067811865, 	0
12, 	-38.26834323651, 	-92.38795325113, 	0
13, 	0, 	-100, 	0
14, 	38.268343236509, 	-92.38795325113, 	0
15, 	70.710678118655, 	-70.71067811865, 	0
16, 	92.387953251129, 	-38.26834323651, 	0
17, 	76.35467659604, 	0, 	0
18, 	0, 	76.35467659604, 	0
19, 	-76.35467659604, 	0, 	0
20, 	-5.68434189E-14, 	-76.35467659604, 	0
21, 	23.514707940379, 	63.986098503684, 	0
22, 	46.095827751656, 	46.095827751656, 	0
23, 	63.986098503684, 	23.514707940379, 	0
24, 	-63.98609850368, 	23.514707940379, 	0
25, 	-46.09582775166, 	46.095827751656, 	0
26, 	-23.51470794038, 	63.986098503684, 	0
27, 	-23.51470794038, 	-63.98609850368, 	0
28, 	-46.09582775166, 	-46.09582775166, 	0
29, 	-63.98609850368, 	-23.51470794038, 	0
30, 	63.986098503684, 	-23.51470794038, 	0
31, 	46.095827751656, 	-46.09582775166, 	0
32, 	23.514707940379, 	-63.98609850368, 	0
33, 	-22.4372907868, 	22.437290786802, 	0
34, 	0, 	0, 	0
35, 	22.437290786802, 	-22.4372907868, 	0
36, 	22.437290786802, 	22.437290786802, 	0
37, 	0, 	42.547486787193, 	0
38, 	42.547486787193, 	0, 	0
39, 	-22.4372907868, 	-22.4372907868, 	0
40, 	-42.54748678719, 	0, 	0
41, 	0, 	-42.54748678719, 	0
*ELEMENT,TYPE=S4
1, 	17, 	1, 	2, 	23
2, 	23, 	2, 	3, 	22
3, 	22, 	3, 	4, 	21
4, 	21, 	4, 	5, 	18
5, 	18, 	5, 	6, 	26
6, 	26, 	6, 	7, 	25
7, 	25, 	7, 	8, 	24
8, 	24, 	8, 	9, 	19
9, 	19, 	9, 	10, 	29
10, 	29, 	10, 	11, 	28
11, 	28, 	11, 	12, 	27
12, 	27, 	12, 	13, 	20
13, 	20, 	13, 	14, 	32
14, 	32, 	14, 	15, 	31
15, 	31, 	15, 	16, 	30
16, 	30, 	16, 	1, 	17
17, 	36, 	37, 	33, 	34
18, 	37, 	26, 	25, 	33
19, 	22, 	21, 	37, 	36
20, 	21, 	18, 	26, 	37
21, 	30, 	38, 	35, 	31
22, 	38, 	36, 	34, 	35
23, 	17, 	23, 	38, 	30
24, 	23, 	22, 	36, 	38
25, 	19, 	29, 	40, 	24
26, 	24, 	40, 	33, 	25
27, 	29, 	28, 	39, 	40
28, 	40, 	39, 	34, 	33
29, 	32, 	41, 	27, 	20
30, 	41, 	39, 	28, 	27
31, 	31, 	35, 	41, 	32
32, 	35, 	34, 	39, 	41
*****