**
**
**Template:  Plate Vibration
**
*NODE
1, 	100, 	0, 	0
2, 	99.51777, 	-9.80881, 	0
3, 	98.07723, 	-19.51556, 	0
4, 	95.69224, 	-29.03438, 	0
5, 	92.38577, 	-38.27361, 	0
6, 	88.18966, 	-47.14429, 	0
7, 	83.14432, 	-55.56098, 	0
8, 	77.29833, 	-63.44264, 	0
9, 	70.70799, 	-70.71337, 	0
10, 	63.43676, 	-77.30316, 	0
11, 	55.55465, 	-83.14855, 	0
12, 	47.13758, 	-88.19325, 	0
13, 	38.26659, 	-92.38868, 	0
14, 	29.0271, 	-95.69445, 	0
15, 	19.5081, 	-98.07871, 	0
16, 	9.80124, 	-99.51852, 	0
17, 	0, 	-100, 	0
18, 	-9.80905, 	-99.51775, 	0
19, 	-19.51603, 	-98.07714, 	0
20, 	-29.03507, 	-95.69203, 	0
21, 	-38.2745, 	-92.3854, 	0
22, 	-47.14534, 	-88.1891, 	0
23, 	-55.56217, 	-83.14353, 	0
24, 	-63.44393, 	-77.29727, 	0
25, 	-70.71472, 	-70.70664, 	0
26, 	-77.30452, 	-63.4351, 	0
27, 	-83.14987, 	-55.55267, 	0
28, 	-88.19448, 	-47.13527, 	0
29, 	-92.38977, 	-38.26395, 	0
30, 	-95.69535, 	-29.02414, 	0
31, 	-98.07936, 	-19.50483, 	0
32, 	-99.51887, 	-9.79769, 	0
33, 	-100, 	0.00381, 	0
34, 	-99.51812, 	9.80527, 	0
35, 	-98.07788, 	19.5123, 	0
36, 	-95.69314, 	29.03143, 	0
37, 	-92.38686, 	38.27098, 	0
38, 	-88.19089, 	47.14198, 	0
39, 	-83.14564, 	55.559, 	0
40, 	-77.29969, 	63.44098, 	0
41, 	-70.70933, 	70.71202, 	0
42, 	-63.43804, 	77.3021, 	0
43, 	-55.55584, 	83.14775, 	0
44, 	-47.13863, 	88.19269, 	0
45, 	-38.26746, 	92.38832, 	0
46, 	-29.02779, 	95.69424, 	0
47, 	-19.50857, 	98.07862, 	0
48, 	-9.80148, 	99.5185, 	0
49, 	0, 	100, 	0
50, 	9.80881, 	99.51777, 	0
51, 	19.51556, 	98.07723, 	0
52, 	29.03438, 	95.69224, 	0
53, 	38.27361, 	92.38577, 	0
54, 	47.14429, 	88.18966, 	0
55, 	55.56098, 	83.14432, 	0
56, 	63.44264, 	77.29833, 	0
57, 	70.71337, 	70.70799, 	0
58, 	77.30316, 	63.43676, 	0
59, 	83.14855, 	55.55465, 	0
60, 	88.19325, 	47.13758, 	0
61, 	92.38868, 	38.26659, 	0
62, 	95.69445, 	29.0271, 	0
63, 	98.07871, 	19.5081, 	0
64, 	99.51852, 	9.80124, 	0
65, 	75.54143, 	-0.00005, 	0
66, 	-0.00038, 	-75.54143, 	0
67, 	-75.54143, 	0.00202, 	0
68, 	0.00039, 	75.54143, 	0
69, 	5.39118, 	-71.93478, 	0
70, 	10.74053, 	-68.04289, 	0
71, 	16.05517, 	-64.03383, 	0
72, 	21.31178, 	-59.82849, 	0
73, 	26.49027, 	-55.45862, 	0
74, 	31.61288, 	-50.97094, 	0
75, 	36.59777, 	-46.28655, 	0
76, 	41.54635, 	-41.5503, 	0
77, 	46.28275, 	-36.60184, 	0
78, 	50.96716, 	-31.61696, 	0
79, 	55.45512, 	-26.49457, 	0
80, 	59.82502, 	-21.31607, 	0
81, 	64.03066, 	-16.05967, 	0
82, 	68.03977, 	-10.74501, 	0
83, 	71.93197, 	-5.39583, 	0
84, 	-71.93485, 	-5.3896, 	0
85, 	-68.04307, 	-10.73911, 	0
86, 	-64.03406, 	-16.05382, 	0
87, 	-59.82881, 	-21.3106, 	0
88, 	-55.45896, 	-26.48917, 	0
89, 	-50.97136, 	-31.61194, 	0
90, 	-46.28697, 	-36.59691, 	0
91, 	-41.55076, 	-41.54564, 	0
92, 	-36.6023, 	-46.28213, 	0
93, 	-31.6174, 	-50.96663, 	0
94, 	-26.49503, 	-55.45472, 	0
95, 	-21.3165, 	-59.8247, 	0
96, 	-16.0601, 	-64.03045, 	0
97, 	-10.7454, 	-68.03963, 	0
98, 	-5.39622, 	-71.93192, 	0
99, 	-5.39132, 	71.93467, 	0
100, 	-10.74086, 	68.04261, 	0
101, 	-16.05567, 	64.03344, 	0
102, 	-21.31246, 	59.82792, 	0
103, 	-26.49114, 	55.45793, 	0
104, 	-31.61392, 	50.97007, 	0
105, 	-36.59901, 	46.28556, 	0
106, 	-41.54783, 	41.5492, 	0
107, 	-46.28435, 	36.60054, 	0
108, 	-50.96898, 	31.61555, 	0
109, 	-55.45707, 	26.49297, 	0
110, 	-59.82718, 	21.31437, 	0
111, 	-64.03293, 	16.05779, 	0
112, 	-68.04224, 	10.74304, 	0
113, 	-71.93452, 	5.39369, 	0
114, 	71.93473, 	5.3914, 	0
115, 	68.04287, 	10.74075, 	0
116, 	64.03378, 	16.0553, 	0
117, 	59.82846, 	21.31191, 	0
118, 	55.45857, 	26.49033, 	0
119, 	50.97093, 	31.61295, 	0
120, 	46.28652, 	36.59778, 	0
121, 	41.55032, 	41.54637, 	0
122, 	36.60186, 	46.28273, 	0
123, 	31.61698, 	50.96711, 	0
124, 	26.49465, 	55.45509, 	0
125, 	21.31617, 	59.82497, 	0
126, 	16.05984, 	64.03063, 	0
127, 	10.74521, 	68.03974, 	0
128, 	5.39612, 	71.93196, 	0
129, 	93.23215, 	-0.00001, 	0
130, 	86.89976, 	-0.00003, 	0
131, 	81.00286, 	-0.00004, 	0
132, 	-0.00011, 	-93.23215, 	0
133, 	-0.00021, 	-86.89976, 	0
134, 	-0.0003, 	-81.00286, 	0
135, 	-93.23215, 	0.00331, 	0
136, 	-86.89977, 	0.00285, 	0
137, 	-81.00286, 	0.00242, 	0
138, 	0.00011, 	93.23215, 	0
139, 	0.00021, 	86.89976, 	0
140, 	0.0003, 	81.00286, 	0
141, 	63.09097, 	-63.096, 	0
142, 	55.69169, 	-55.69636, 	0
143, 	48.51015, 	-48.51446, 	0
144, 	83.75567, 	-33.87093, 	0
145, 	75.45218, 	-29.57711, 	0
146, 	67.4753, 	-25.39216, 	0
147, 	89.9963, 	-17.24127, 	0
148, 	82.29642, 	-15.02142, 	0
149, 	74.97757, 	-12.85599, 	0
150, 	84.90836, 	-7.54789, 	0
151, 	92.00894, 	-8.66474, 	0
152, 	78.21603, 	-6.45825, 	0
153, 	79.1538, 	-22.38372, 	0
154, 	87.24611, 	-25.66823, 	0
155, 	71.41532, 	-19.18087, 	0
156, 	61.30063, 	-49.6412, 	0
157, 	66.51139, 	-43.26237, 	0
158, 	71.22361, 	-36.54726, 	0
159, 	74.69177, 	-49.33002, 	0
160, 	69.177, 	-56.44666, 	0
161, 	79.55694, 	-41.77773, 	0
162, 	58.60319, 	-37.35801, 	0
163, 	53.66921, 	-43.02626, 	0
164, 	63.18967, 	-31.45287, 	0
165, 	33.86457, 	-83.75872, 	0
166, 	29.57143, 	-75.45537, 	0
167, 	25.38717, 	-67.47863, 	0
168, 	36.54174, 	-71.22716, 	0
169, 	43.25715, 	-66.5154, 	0
170, 	49.63622, 	-61.30495, 	0
171, 	49.32425, 	-74.69589, 	0
172, 	41.77162, 	-79.56051, 	0
173, 	56.44122, 	-69.18158, 	0
174, 	37.35337, 	-58.60709, 	0
175, 	31.44796, 	-63.1932, 	0
176, 	43.02173, 	-53.67327, 	0
177, 	17.23455, 	-89.9982, 	0
178, 	15.01544, 	-82.29872, 	0
179, 	12.85076, 	-74.98029, 	0
180, 	22.37782, 	-79.15649, 	0
181, 	25.66164, 	-87.24856, 	0
182, 	19.17567, 	-71.41825, 	0
183, 	7.54177, 	-84.91013, 	0
184, 	8.65789, 	-92.0102, 	0
185, 	6.45286, 	-78.21833, 	0
186, 	-63.09713, 	-63.08981, 	0
187, 	-55.69727, 	-55.6907, 	0
188, 	-48.51515, 	-48.50931, 	0
189, 	-33.8717, 	-83.75533, 	0
190, 	-29.57777, 	-75.45185, 	0
191, 	-25.3927, 	-67.47498, 	0
192, 	-17.24173, 	-89.9962, 	0
193, 	-15.02186, 	-82.29631, 	0
194, 	-12.85641, 	-74.97745, 	0
195, 	-7.54821, 	-84.90832, 	0
196, 	-8.66503, 	-92.00891, 	0
197, 	-6.45861, 	-78.21599, 	0
198, 	-22.38429, 	-79.15361, 	0
199, 	-25.66886, 	-87.24591, 	0
200, 	-19.18137, 	-71.41512, 	0
201, 	-49.64208, 	-61.29982, 	0
202, 	-43.26318, 	-66.51076, 	0
203, 	-36.54802, 	-71.22315, 	0
204, 	-49.33103, 	-74.69106, 	0
205, 	-56.44774, 	-69.17608, 	0
206, 	-41.77864, 	-79.55644, 	0
207, 	-37.35864, 	-58.60261, 	0
208, 	-43.02693, 	-53.6685, 	0
209, 	-31.45348, 	-63.18925, 	0
210, 	-83.75963, 	-33.86234, 	0
211, 	-75.45608, 	-29.56958, 	0
212, 	-67.47914, 	-25.38567, 	0
213, 	-71.22795, 	-36.54009, 	0
214, 	-66.51628, 	-43.25574, 	0
215, 	-61.30584, 	-49.635, 	0
216, 	-74.69699, 	-49.32257, 	0
217, 	-79.56152, 	-41.76965, 	0
218, 	-69.1827, 	-56.4398, 	0
219, 	-58.60773, 	-37.3522, 	0
220, 	-63.19376, 	-31.4466, 	0
221, 	-53.67393, 	-43.02071, 	0
222, 	-89.99873, 	-17.23179, 	0
223, 	-82.29914, 	-15.01316, 	0
224, 	-74.98059, 	-12.84893, 	0
225, 	-79.15706, 	-22.37573, 	0
226, 	-87.24929, 	-25.65912, 	0
227, 	-71.41865, 	-19.17396, 	0
228, 	-84.91034, 	-7.53927, 	0
229, 	-92.01048, 	-8.65489, 	0
230, 	-78.21847, 	-6.45084, 	0
231, 	-63.09235, 	63.09469, 	0
232, 	-55.6931, 	55.69511, 	0
233, 	-48.5116, 	48.51328, 	0
234, 	-83.75703, 	33.86849, 	0
235, 	-75.45381, 	29.57489, 	0
236, 	-67.47719, 	25.39019, 	0
237, 	-89.99741, 	17.23829, 	0
238, 	-82.29798, 	15.01874, 	0
239, 	-74.97959, 	12.85366, 	0
240, 	-84.90981, 	7.54499, 	0
241, 	-92.00984, 	8.6615, 	0
242, 	-78.21804, 	6.45572, 	0
243, 	-79.15538, 	22.38125, 	0
244, 	-87.24735, 	25.6655, 	0
245, 	-71.41724, 	19.17868, 	0
246, 	-61.3021, 	49.63969, 	0
247, 	-66.51296, 	43.26063, 	0
248, 	-71.2252, 	36.54526, 	0
249, 	-74.69321, 	49.32815, 	0
250, 	-69.17842, 	56.44507, 	0
251, 	-79.55835, 	41.77557, 	0
252, 	-58.60488, 	37.35643, 	0
253, 	-53.67075, 	43.02484, 	0
254, 	-63.19144, 	31.45106, 	0
255, 	-33.8654, 	83.7583, 	0
256, 	-29.57222, 	75.45489, 	0
257, 	-25.3879, 	67.4781, 	0
258, 	-36.5427, 	71.22651, 	0
259, 	-43.25827, 	66.51455, 	0
260, 	-49.63748, 	61.30389, 	0
261, 	-49.3254, 	74.69506, 	0
262, 	-41.77262, 	79.5599, 	0
263, 	-56.4425, 	69.18051, 	0
264, 	-37.35444, 	58.60622, 	0
265, 	-31.44887, 	63.19252, 	0
266, 	-43.02298, 	53.67224, 	0
267, 	-17.23498, 	89.99805, 	0
268, 	-15.01583, 	82.29853, 	0
269, 	-12.85113, 	74.98005, 	0
270, 	-22.37841, 	79.15618, 	0
271, 	-25.66227, 	87.2483, 	0
272, 	-19.17621, 	71.4179, 	0
273, 	-7.54195, 	84.91006, 	0
274, 	-8.6581, 	92.01015, 	0
275, 	-6.45302, 	78.21824, 	0
276, 	63.096, 	63.09098, 	0
277, 	55.69637, 	55.69171, 	0
278, 	48.51448, 	48.51017, 	0
279, 	33.87096, 	83.75566, 	0
280, 	29.57717, 	75.45216, 	0
281, 	25.39224, 	67.47526, 	0
282, 	17.24133, 	89.9963, 	0
283, 	15.02153, 	82.2964, 	0
284, 	12.85616, 	74.97755, 	0
285, 	7.54804, 	84.90835, 	0
286, 	8.66482, 	92.00893, 	0
287, 	6.45847, 	78.21603, 	0
288, 	22.38382, 	79.15379, 	0
289, 	25.66828, 	87.2461, 	0
290, 	19.181, 	71.4153, 	0
291, 	49.64121, 	61.30062, 	0
292, 	43.26238, 	66.51137, 	0
293, 	36.54731, 	71.2236, 	0
294, 	49.33003, 	74.69176, 	0
295, 	56.44667, 	69.177, 	0
296, 	41.77776, 	79.55694, 	0
297, 	37.35803, 	58.60315, 	0
298, 	43.02628, 	53.6692, 	0
299, 	31.45294, 	63.18965, 	0
300, 	83.75872, 	33.86461, 	0
301, 	75.45536, 	29.57151, 	0
302, 	67.47861, 	25.38728, 	0
303, 	71.22714, 	36.54178, 	0
304, 	66.5154, 	43.25719, 	0
305, 	61.30494, 	49.63623, 	0
306, 	74.69589, 	49.32427, 	0
307, 	79.5605, 	41.77164, 	0
308, 	69.18157, 	56.44123, 	0
309, 	58.60708, 	37.35342, 	0
310, 	63.19316, 	31.44801, 	0
311, 	53.67326, 	43.02174, 	0
312, 	89.99819, 	17.23461, 	0
313, 	82.29871, 	15.01556, 	0
314, 	74.98027, 	12.85094, 	0
315, 	79.15647, 	22.3779, 	0
316, 	87.24855, 	25.66167, 	0
317, 	71.41821, 	19.17577, 	0
318, 	84.91011, 	7.54189, 	0
319, 	92.01019, 	8.65795, 	0
320, 	78.2183, 	6.45304, 	0
321, 	-36.57907, 	-36.5745, 	0
322, 	-31.48581, 	-31.48191, 	0
323, 	-26.35137, 	-26.34803, 	0
324, 	-21.14775, 	-21.14509, 	0
325, 	-15.90099, 	-15.89888, 	0
326, 	-10.62318, 	-10.62178, 	0
327, 	-5.31597, 	-5.31511, 	0
328, 	-0.00096, 	-0.00068, 	0
329, 	5.3141, 	5.31371, 	0
330, 	10.6213, 	10.62038, 	0
331, 	15.89913, 	15.89748, 	0
332, 	21.14587, 	21.1437, 	0
333, 	26.34954, 	26.34664, 	0
334, 	31.48395, 	31.48054, 	0
335, 	36.57728, 	36.57313, 	0
336, 	5.31345, 	-5.31553, 	0
337, 	10.62017, 	-10.62251, 	0
338, 	15.89725, 	-15.90018, 	0
339, 	21.14353, 	-21.14669, 	0
340, 	26.34645, 	-26.35019, 	0
341, 	31.48043, 	-31.48437, 	0
342, 	36.57302, 	-36.5775, 	0
343, 	15.89777, 	-26.28578, 	0
344, 	10.63775, 	-31.39506, 	0
345, 	5.32357, 	-36.39119, 	0
346, 	-0.00303, 	-41.31297, 	0
347, 	-5.34712, 	-46.13086, 	0
348, 	-10.68562, 	-50.81607, 	0
349, 	-16.0209, 	-55.42206, 	0
350, 	-5.32927, 	-36.39089, 	0
351, 	-10.64283, 	-31.39417, 	0
352, 	-15.90247, 	-26.2846, 	0
353, 	5.3224, 	-26.28168, 	0
354, 	-0.00199, 	-21.1154, 	0
355, 	-5.31426, 	-15.87804, 	0
356, 	5.31071, 	-15.87835, 	0
357, 	10.6142, 	-21.10308, 	0
358, 	-0.00155, 	-10.60343, 	0
359, 	-5.32707, 	-26.2811, 	0
360, 	-0.00266, 	-31.36803, 	0
361, 	-10.61846, 	-21.1022, 	0
362, 	-15.96568, 	-46.14237, 	0
363, 	-21.21132, 	-41.37229, 	0
364, 	-26.36126, 	-36.44759, 	0
365, 	-15.94577, 	-36.43367, 	0
366, 	-10.65822, 	-41.32502, 	0
367, 	-21.15851, 	-31.40857, 	0
368, 	-26.45467, 	-46.25066, 	0
369, 	-21.26043, 	-50.88998, 	0
370, 	-31.53233, 	-41.43582, 	0
371, 	16.01336, 	-55.4235, 	0
372, 	10.67864, 	-50.81695, 	0
373, 	5.34047, 	-46.13144, 	0
374, 	15.95899, 	-46.14354, 	0
375, 	21.20519, 	-41.37404, 	0
376, 	26.35545, 	-36.44963, 	0
377, 	26.44793, 	-46.25297, 	0
378, 	21.25315, 	-50.89171, 	0
379, 	31.52587, 	-41.43841, 	0
380, 	15.94004, 	-36.43512, 	0
381, 	10.65189, 	-41.32589, 	0
382, 	21.15313, 	-31.41032, 	0
383, 	-5.37401, 	-64.00739, 	0
384, 	-0.00389, 	-59.73087, 	0
385, 	5.35049, 	-55.35615, 	0
386, 	5.36573, 	-64.00797, 	0
387, 	-0.00437, 	-68.10232, 	0
388, 	10.71061, 	-59.80592, 	0
389, 	-5.358, 	-55.35586, 	0
390, 	-10.71865, 	-59.80506, 	0
391, 	-0.00361, 	-50.81794, 	0
392, 	26.28492, 	15.89801, 	0
393, 	31.39423, 	10.63813, 	0
394, 	36.39033, 	5.32402, 	0
395, 	41.31216, 	-0.00242, 	0
396, 	46.13002, 	-5.34644, 	0
397, 	50.81529, 	-10.68477, 	0
398, 	55.42126, 	-16.01998, 	0
399, 	36.38987, 	-5.32852, 	0
400, 	31.393, 	-10.64201, 	0
401, 	26.28323, 	-15.90153, 	0
402, 	26.27987, 	-5.32646, 	0
403, 	21.1142, 	-0.00148, 	0
404, 	15.87711, 	5.31102, 	0
405, 	26.28063, 	5.3229, 	0
406, 	31.36695, 	-0.00209, 	0
407, 	21.102, 	10.61452, 	0
408, 	15.87664, 	-5.31366, 	0
409, 	21.10076, 	-10.61774, 	0
410, 	10.60197, 	-0.00116, 	0
411, 	46.1414, 	-15.96466, 	0
412, 	41.37118, 	-21.21018, 	0
413, 	36.44628, 	-26.35997, 	0
414, 	36.43248, 	-15.94485, 	0
415, 	41.32397, 	-10.65739, 	0
416, 	31.40719, 	-21.15746, 	0
417, 	46.24954, 	-26.45344, 	0
418, 	50.889, 	-21.25933, 	0
419, 	41.43452, 	-31.53092, 	0
420, 	55.42324, 	16.01365, 	0
421, 	50.81651, 	10.67902, 	0
422, 	46.13079, 	5.341, 	0
423, 	46.14307, 	15.95925, 	0
424, 	41.37361, 	21.20543, 	0
425, 	36.44917, 	26.35559, 	0
426, 	46.25272, 	26.44812, 	0
427, 	50.89142, 	21.25335, 	0
428, 	41.43815, 	31.52598, 	0
429, 	36.43446, 	15.94039, 	0
430, 	41.32519, 	10.65229, 	0
431, 	31.40963, 	21.15336, 	0
432, 	64.00696, 	-5.37343, 	0
433, 	59.73046, 	-0.00334, 	0
434, 	55.35569, 	5.3509, 	0
435, 	64.00773, 	5.36615, 	0
436, 	68.10206, 	-0.00394, 	0
437, 	59.80564, 	10.71091, 	0
438, 	55.35524, 	-5.35727, 	0
439, 	59.80443, 	-10.71787, 	0
440, 	50.81726, 	-0.00303, 	0
441, 	-36.5746, 	36.57634, 	0
442, 	-31.4821, 	31.48316, 	0
443, 	-26.34821, 	26.34894, 	0
444, 	-21.14534, 	21.14541, 	0
445, 	-15.89911, 	15.89887, 	0
446, 	-10.62207, 	10.62117, 	0
447, 	-5.31537, 	5.31418, 	0
448, 	-55.42344, 	16.0183, 	0
449, 	-50.81747, 	10.68311, 	0
450, 	-46.13218, 	5.34481, 	0
451, 	-41.31429, 	0.00082, 	0
452, 	-36.39242, 	-5.32557, 	0
453, 	-31.39627, 	-10.63965, 	0
454, 	-26.28688, 	-15.89946, 	0
455, 	-46.13295, 	-5.34269, 	0
456, 	-50.8188, 	-10.68074, 	0
457, 	-55.42554, 	-16.01545, 	0
458, 	-55.35804, 	-5.35269, 	0
459, 	-59.73287, 	0.00149, 	0
460, 	-64.00941, 	5.37152, 	0
461, 	-55.35748, 	5.35548, 	0
462, 	-50.81947, 	0.00129, 	0
463, 	-59.80669, 	10.71604, 	0
464, 	-64.01018, 	-5.36812, 	0
465, 	-59.80802, 	-10.7128, 	0
466, 	-68.10458, 	0.00189, 	0
467, 	-36.45115, 	-26.35706, 	0
468, 	-41.37571, 	-21.207, 	0
469, 	-46.14526, 	-15.9609, 	0
470, 	-36.43649, 	-15.94195, 	0
471, 	-31.41157, 	-21.15484, 	0
472, 	-41.3273, 	-10.65391, 	0
473, 	-46.2548, 	-26.44972, 	0
474, 	-41.44009, 	-31.52748, 	0
475, 	-50.89361, 	-21.25505, 	0
476, 	-26.28507, 	15.90012, 	0
477, 	-31.39497, 	10.64054, 	0
478, 	-36.39188, 	5.32696, 	0
479, 	-36.44803, 	26.3586, 	0
480, 	-41.3731, 	21.20873, 	0
481, 	-46.1434, 	15.96307, 	0
482, 	-46.25142, 	26.452, 	0
483, 	-41.4362, 	31.52958, 	0
484, 	-50.89098, 	21.25773, 	0
485, 	-36.43443, 	15.94339, 	0
486, 	-31.40899, 	21.15606, 	0
487, 	-41.32599, 	10.65581, 	0
488, 	-15.87903, 	-5.31246, 	0
489, 	-21.11616, 	0.00003, 	0
490, 	-26.28183, 	5.325, 	0
491, 	-15.87852, 	5.31223, 	0
492, 	-10.60385, 	-0.00026, 	0
493, 	-21.10264, 	10.61632, 	0
494, 	-26.2826, 	-5.32439, 	0
495, 	-21.10391, 	-10.61597, 	0
496, 	-31.36895, 	0.00056, 	0
497, 	16.01983, 	55.42123, 	0
498, 	10.68443, 	50.81517, 	0
499, 	5.34585, 	46.12989, 	0
500, 	0.00165, 	41.31192, 	0
501, 	-5.32503, 	36.39007, 	0
502, 	-10.63931, 	31.39385, 	0
503, 	-15.89943, 	26.28452, 	0
504, 	-5.3417, 	46.13048, 	0
505, 	-10.6797, 	50.81612, 	0
506, 	-16.01424, 	55.42278, 	0
507, 	-5.3514, 	55.35545, 	0
508, 	0.0031, 	59.73026, 	0
509, 	5.37338, 	64.00691, 	0
510, 	5.357, 	55.35509, 	0
511, 	0.00251, 	50.81709, 	0
512, 	10.7178, 	59.80439, 	0
513, 	-5.3663, 	64.00751, 	0
514, 	-10.71132, 	59.80536, 	0
515, 	0.00398, 	68.10201, 	0
516, 	-26.35692, 	36.44848, 	0
517, 	-21.20652, 	41.37299, 	0
518, 	-15.96018, 	46.14262, 	0
519, 	-15.9415, 	36.43398, 	0
520, 	-21.15471, 	31.40911, 	0
521, 	-10.65323, 	41.32486, 	0
522, 	-26.44912, 	46.252, 	0
523, 	-31.52724, 	41.43733, 	0
524, 	-21.25419, 	50.89089, 	0
525, 	15.9007, 	26.28328, 	0
526, 	10.64117, 	31.39293, 	0
527, 	5.32774, 	36.38974, 	0
528, 	26.35955, 	36.44631, 	0
529, 	21.20976, 	41.37113, 	0
530, 	15.9643, 	46.14133, 	0
531, 	26.45321, 	46.24954, 	0
532, 	31.5307, 	41.43456, 	0
533, 	21.25916, 	50.889, 	0
534, 	15.94419, 	36.43247, 	0
535, 	21.1568, 	31.40727, 	0
536, 	10.65679, 	41.32392, 	0
537, 	5.31244, 	15.87668, 	0
538, 	0.00024, 	21.11408, 	0
539, 	-5.32407, 	26.28041, 	0
540, 	5.32538, 	26.27982, 	0
541, 	10.61668, 	21.10085, 	0
542, 	0.00107, 	31.36682, 	0
543, 	-5.3125, 	15.877, 	0
544, 	-0.00029, 	10.60204, 	0
545, 	-10.61593, 	21.10177, 	0
*ELEMENT,TYPE=S3
1, 	150, 	147, 	148
2, 	150, 	151, 	147
3, 	151, 	3, 	147
4, 	151, 	2, 	3
5, 	130, 	151, 	150
6, 	130, 	129, 	151
7, 	129, 	2, 	151
8, 	129, 	1, 	2
9, 	83, 	149, 	82
10, 	83, 	152, 	149
11, 	152, 	148, 	149
12, 	152, 	150, 	148
13, 	65, 	152, 	83
14, 	65, 	131, 	152
15, 	131, 	150, 	152
16, 	131, 	130, 	150
17, 	144, 	154, 	4
18, 	5, 	144, 	4
19, 	154, 	147, 	3
20, 	4, 	154, 	3
21, 	144, 	153, 	154
22, 	144, 	145, 	153
23, 	154, 	148, 	147
24, 	154, 	153, 	148
25, 	145, 	155, 	153
26, 	145, 	146, 	155
27, 	153, 	149, 	148
28, 	153, 	155, 	149
29, 	146, 	81, 	155
30, 	146, 	80, 	81
31, 	155, 	82, 	149
32, 	155, 	81, 	82
33, 	157, 	160, 	156
34, 	157, 	159, 	160
35, 	160, 	141, 	142
36, 	156, 	160, 	142
37, 	7, 	8, 	160
38, 	159, 	7, 	160
39, 	8, 	9, 	141
40, 	160, 	8, 	141
41, 	145, 	161, 	158
42, 	145, 	144, 	161
43, 	158, 	159, 	157
44, 	158, 	161, 	159
45, 	5, 	6, 	161
46, 	144, 	5, 	161
47, 	6, 	7, 	159
48, 	161, 	6, 	159
49, 	78, 	163, 	77
50, 	78, 	162, 	163
51, 	77, 	143, 	76
52, 	77, 	163, 	143
53, 	162, 	156, 	163
54, 	162, 	157, 	156
55, 	163, 	142, 	143
56, 	163, 	156, 	142
57, 	80, 	164, 	79
58, 	80, 	146, 	164
59, 	79, 	162, 	78
60, 	79, 	164, 	162
61, 	146, 	158, 	164
62, 	146, 	145, 	158
63, 	164, 	157, 	162
64, 	164, 	158, 	157
65, 	171, 	172, 	168
66, 	169, 	171, 	168
67, 	172, 	165, 	166
68, 	168, 	172, 	166
69, 	171, 	12, 	172
70, 	171, 	11, 	12
71, 	172, 	13, 	165
72, 	172, 	12, 	13
73, 	142, 	173, 	170
74, 	142, 	141, 	173
75, 	173, 	171, 	169
76, 	170, 	173, 	169
77, 	141, 	10, 	173
78, 	141, 	9, 	10
79, 	173, 	11, 	171
80, 	173, 	10, 	11
81, 	174, 	175, 	73
82, 	74, 	174, 	73
83, 	175, 	167, 	72
84, 	73, 	175, 	72
85, 	169, 	168, 	175
86, 	174, 	169, 	175
87, 	168, 	166, 	167
88, 	175, 	168, 	167
89, 	143, 	176, 	75
90, 	76, 	143, 	75
91, 	176, 	174, 	74
92, 	75, 	176, 	74
93, 	142, 	170, 	176
94, 	143, 	142, 	176
95, 	170, 	169, 	174
96, 	176, 	170, 	174
97, 	15, 	181, 	14
98, 	15, 	177, 	181
99, 	14, 	165, 	13
100, 	14, 	181, 	165
101, 	178, 	180, 	181
102, 	177, 	178, 	181
103, 	180, 	166, 	165
104, 	181, 	180, 	165
105, 	179, 	182, 	180
106, 	178, 	179, 	180
107, 	182, 	167, 	166
108, 	180, 	182, 	166
109, 	70, 	71, 	182
110, 	179, 	70, 	182
111, 	71, 	72, 	167
112, 	182, 	71, 	167
113, 	184, 	132, 	133
114, 	183, 	184, 	133
115, 	16, 	17, 	132
116, 	184, 	16, 	132
117, 	177, 	184, 	183
118, 	178, 	177, 	183
119, 	15, 	16, 	184
120, 	177, 	15, 	184
121, 	185, 	134, 	66
122, 	69, 	185, 	66
123, 	183, 	133, 	134
124, 	185, 	183, 	134
125, 	179, 	185, 	69
126, 	70, 	179, 	69
127, 	178, 	183, 	185
128, 	179, 	178, 	185
129, 	195, 	192, 	193
130, 	195, 	196, 	192
131, 	196, 	19, 	192
132, 	196, 	18, 	19
133, 	133, 	196, 	195
134, 	133, 	132, 	196
135, 	132, 	18, 	196
136, 	132, 	17, 	18
137, 	98, 	194, 	97
138, 	98, 	197, 	194
139, 	197, 	193, 	194
140, 	197, 	195, 	193
141, 	66, 	197, 	98
142, 	66, 	134, 	197
143, 	134, 	195, 	197
144, 	134, 	133, 	195
145, 	189, 	199, 	20
146, 	21, 	189, 	20
147, 	199, 	192, 	19
148, 	20, 	199, 	19
149, 	189, 	198, 	199
150, 	189, 	190, 	198
151, 	199, 	193, 	192
152, 	199, 	198, 	193
153, 	190, 	200, 	198
154, 	190, 	191, 	200
155, 	198, 	194, 	193
156, 	198, 	200, 	194
157, 	191, 	96, 	200
158, 	191, 	95, 	96
159, 	200, 	97, 	194
160, 	200, 	96, 	97
161, 	202, 	205, 	201
162, 	202, 	204, 	205
163, 	205, 	186, 	187
164, 	201, 	205, 	187
165, 	23, 	24, 	205
166, 	204, 	23, 	205
167, 	24, 	25, 	186
168, 	205, 	24, 	186
169, 	190, 	206, 	203
170, 	190, 	189, 	206
171, 	203, 	204, 	202
172, 	203, 	206, 	204
173, 	21, 	22, 	206
174, 	189, 	21, 	206
175, 	22, 	23, 	204
176, 	206, 	22, 	204
177, 	93, 	208, 	92
178, 	93, 	207, 	208
179, 	92, 	188, 	91
180, 	92, 	208, 	188
181, 	207, 	201, 	208
182, 	207, 	202, 	201
183, 	208, 	187, 	188
184, 	208, 	201, 	187
185, 	95, 	209, 	94
186, 	95, 	191, 	209
187, 	94, 	207, 	93
188, 	94, 	209, 	207
189, 	191, 	203, 	209
190, 	191, 	190, 	203
191, 	209, 	202, 	207
192, 	209, 	203, 	202
193, 	216, 	217, 	213
194, 	214, 	216, 	213
195, 	217, 	210, 	211
196, 	213, 	217, 	211
197, 	216, 	28, 	217
198, 	216, 	27, 	28
199, 	217, 	29, 	210
200, 	217, 	28, 	29
201, 	187, 	218, 	215
202, 	187, 	186, 	218
203, 	218, 	216, 	214
204, 	215, 	218, 	214
205, 	186, 	26, 	218
206, 	186, 	25, 	26
207, 	218, 	27, 	216
208, 	218, 	26, 	27
209, 	219, 	220, 	88
210, 	89, 	219, 	88
211, 	220, 	212, 	87
212, 	88, 	220, 	87
213, 	214, 	213, 	220
214, 	219, 	214, 	220
215, 	213, 	211, 	212
216, 	220, 	213, 	212
217, 	188, 	221, 	90
218, 	91, 	188, 	90
219, 	221, 	219, 	89
220, 	90, 	221, 	89
221, 	187, 	215, 	221
222, 	188, 	187, 	221
223, 	215, 	214, 	219
224, 	221, 	215, 	219
225, 	31, 	226, 	30
226, 	31, 	222, 	226
227, 	30, 	210, 	29
228, 	30, 	226, 	210
229, 	223, 	225, 	226
230, 	222, 	223, 	226
231, 	225, 	211, 	210
232, 	226, 	225, 	210
233, 	224, 	227, 	225
234, 	223, 	224, 	225
235, 	227, 	212, 	211
236, 	225, 	227, 	211
237, 	85, 	86, 	227
238, 	224, 	85, 	227
239, 	86, 	87, 	212
240, 	227, 	86, 	212
241, 	229, 	135, 	136
242, 	228, 	229, 	136
243, 	32, 	33, 	135
244, 	229, 	32, 	135
245, 	222, 	229, 	228
246, 	223, 	222, 	228
247, 	31, 	32, 	229
248, 	222, 	31, 	229
249, 	230, 	137, 	67
250, 	84, 	230, 	67
251, 	228, 	136, 	137
252, 	230, 	228, 	137
253, 	224, 	230, 	84
254, 	85, 	224, 	84
255, 	223, 	228, 	230
256, 	224, 	223, 	230
257, 	240, 	237, 	238
258, 	240, 	241, 	237
259, 	241, 	35, 	237
260, 	241, 	34, 	35
261, 	136, 	241, 	240
262, 	136, 	135, 	241
263, 	135, 	34, 	241
264, 	135, 	33, 	34
265, 	113, 	239, 	112
266, 	113, 	242, 	239
267, 	242, 	238, 	239
268, 	242, 	240, 	238
269, 	67, 	242, 	113
270, 	67, 	137, 	242
271, 	137, 	240, 	242
272, 	137, 	136, 	240
273, 	234, 	244, 	36
274, 	37, 	234, 	36
275, 	244, 	237, 	35
276, 	36, 	244, 	35
277, 	234, 	243, 	244
278, 	234, 	235, 	243
279, 	244, 	238, 	237
280, 	244, 	243, 	238
281, 	235, 	245, 	243
282, 	235, 	236, 	245
283, 	243, 	239, 	238
284, 	243, 	245, 	239
285, 	236, 	111, 	245
286, 	236, 	110, 	111
287, 	245, 	112, 	239
288, 	245, 	111, 	112
289, 	247, 	250, 	246
290, 	247, 	249, 	250
291, 	250, 	231, 	232
292, 	246, 	250, 	232
293, 	39, 	40, 	250
294, 	249, 	39, 	250
295, 	40, 	41, 	231
296, 	250, 	40, 	231
297, 	235, 	251, 	248
298, 	235, 	234, 	251
299, 	248, 	249, 	247
300, 	248, 	251, 	249
301, 	37, 	38, 	251
302, 	234, 	37, 	251
303, 	38, 	39, 	249
304, 	251, 	38, 	249
305, 	108, 	253, 	107
306, 	108, 	252, 	253
307, 	107, 	233, 	106
308, 	107, 	253, 	233
309, 	252, 	246, 	253
310, 	252, 	247, 	246
311, 	253, 	232, 	233
312, 	253, 	246, 	232
313, 	110, 	254, 	109
314, 	110, 	236, 	254
315, 	109, 	252, 	108
316, 	109, 	254, 	252
317, 	236, 	248, 	254
318, 	236, 	235, 	248
319, 	254, 	247, 	252
320, 	254, 	248, 	247
321, 	261, 	262, 	258
322, 	259, 	261, 	258
323, 	262, 	255, 	256
324, 	258, 	262, 	256
325, 	261, 	44, 	262
326, 	261, 	43, 	44
327, 	262, 	45, 	255
328, 	262, 	44, 	45
329, 	232, 	263, 	260
330, 	232, 	231, 	263
331, 	263, 	261, 	259
332, 	260, 	263, 	259
333, 	231, 	42, 	263
334, 	231, 	41, 	42
335, 	263, 	43, 	261
336, 	263, 	42, 	43
337, 	264, 	265, 	103
338, 	104, 	264, 	103
339, 	265, 	257, 	102
340, 	103, 	265, 	102
341, 	259, 	258, 	265
342, 	264, 	259, 	265
343, 	258, 	256, 	257
344, 	265, 	258, 	257
345, 	233, 	266, 	105
346, 	106, 	233, 	105
347, 	266, 	264, 	104
348, 	105, 	266, 	104
349, 	232, 	260, 	266
350, 	233, 	232, 	266
351, 	260, 	259, 	264
352, 	266, 	260, 	264
353, 	47, 	271, 	46
354, 	47, 	267, 	271
355, 	46, 	255, 	45
356, 	46, 	271, 	255
357, 	268, 	270, 	271
358, 	267, 	268, 	271
359, 	270, 	256, 	255
360, 	271, 	270, 	255
361, 	269, 	272, 	270
362, 	268, 	269, 	270
363, 	272, 	257, 	256
364, 	270, 	272, 	256
365, 	100, 	101, 	272
366, 	269, 	100, 	272
367, 	101, 	102, 	257
368, 	272, 	101, 	257
369, 	274, 	138, 	139
370, 	273, 	274, 	139
371, 	48, 	49, 	138
372, 	274, 	48, 	138
373, 	267, 	274, 	273
374, 	268, 	267, 	273
375, 	47, 	48, 	274
376, 	267, 	47, 	274
377, 	275, 	140, 	68
378, 	99, 	275, 	68
379, 	273, 	139, 	140
380, 	275, 	273, 	140
381, 	269, 	275, 	99
382, 	100, 	269, 	99
383, 	268, 	273, 	275
384, 	269, 	268, 	275
385, 	285, 	282, 	283
386, 	285, 	286, 	282
387, 	286, 	51, 	282
388, 	286, 	50, 	51
389, 	139, 	286, 	285
390, 	139, 	138, 	286
391, 	138, 	50, 	286
392, 	138, 	49, 	50
393, 	128, 	284, 	127
394, 	128, 	287, 	284
395, 	287, 	283, 	284
396, 	287, 	285, 	283
397, 	68, 	287, 	128
398, 	68, 	140, 	287
399, 	140, 	285, 	287
400, 	140, 	139, 	285
401, 	279, 	289, 	52
402, 	53, 	279, 	52
403, 	289, 	282, 	51
404, 	52, 	289, 	51
405, 	279, 	288, 	289
406, 	279, 	280, 	288
407, 	289, 	283, 	282
408, 	289, 	288, 	283
409, 	280, 	290, 	288
410, 	280, 	281, 	290
411, 	288, 	284, 	283
412, 	288, 	290, 	284
413, 	281, 	126, 	290
414, 	281, 	125, 	126
415, 	290, 	127, 	284
416, 	290, 	126, 	127
417, 	292, 	295, 	291
418, 	292, 	294, 	295
419, 	295, 	276, 	277
420, 	291, 	295, 	277
421, 	55, 	56, 	295
422, 	294, 	55, 	295
423, 	56, 	57, 	276
424, 	295, 	56, 	276
425, 	280, 	296, 	293
426, 	280, 	279, 	296
427, 	293, 	294, 	292
428, 	293, 	296, 	294
429, 	53, 	54, 	296
430, 	279, 	53, 	296
431, 	54, 	55, 	294
432, 	296, 	54, 	294
433, 	123, 	298, 	122
434, 	123, 	297, 	298
435, 	122, 	278, 	121
436, 	122, 	298, 	278
437, 	297, 	291, 	298
438, 	297, 	292, 	291
439, 	298, 	277, 	278
440, 	298, 	291, 	277
441, 	125, 	299, 	124
442, 	125, 	281, 	299
443, 	124, 	297, 	123
444, 	124, 	299, 	297
445, 	281, 	293, 	299
446, 	281, 	280, 	293
447, 	299, 	292, 	297
448, 	299, 	293, 	292
449, 	306, 	307, 	303
450, 	304, 	306, 	303
451, 	307, 	300, 	301
452, 	303, 	307, 	301
453, 	306, 	60, 	307
454, 	306, 	59, 	60
455, 	307, 	61, 	300
456, 	307, 	60, 	61
457, 	277, 	308, 	305
458, 	277, 	276, 	308
459, 	308, 	306, 	304
460, 	305, 	308, 	304
461, 	276, 	58, 	308
462, 	276, 	57, 	58
463, 	308, 	59, 	306
464, 	308, 	58, 	59
465, 	309, 	310, 	118
466, 	119, 	309, 	118
467, 	310, 	302, 	117
468, 	118, 	310, 	117
469, 	304, 	303, 	310
470, 	309, 	304, 	310
471, 	303, 	301, 	302
472, 	310, 	303, 	302
473, 	278, 	311, 	120
474, 	121, 	278, 	120
475, 	311, 	309, 	119
476, 	120, 	311, 	119
477, 	277, 	305, 	311
478, 	278, 	277, 	311
479, 	305, 	304, 	309
480, 	311, 	305, 	309
481, 	63, 	316, 	62
482, 	63, 	312, 	316
483, 	62, 	300, 	61
484, 	62, 	316, 	300
485, 	313, 	315, 	316
486, 	312, 	313, 	316
487, 	315, 	301, 	300
488, 	316, 	315, 	300
489, 	314, 	317, 	315
490, 	313, 	314, 	315
491, 	317, 	302, 	301
492, 	315, 	317, 	301
493, 	115, 	116, 	317
494, 	314, 	115, 	317
495, 	116, 	117, 	302
496, 	317, 	116, 	302
497, 	319, 	129, 	130
498, 	318, 	319, 	130
499, 	64, 	1, 	129
500, 	319, 	64, 	129
501, 	312, 	319, 	318
502, 	313, 	312, 	318
503, 	63, 	64, 	319
504, 	312, 	63, 	319
505, 	320, 	131, 	65
506, 	114, 	320, 	65
507, 	318, 	130, 	131
508, 	320, 	318, 	131
509, 	314, 	320, 	114
510, 	115, 	314, 	114
511, 	313, 	318, 	320
512, 	314, 	313, 	320
513, 	357, 	343, 	344
514, 	353, 	357, 	344
515, 	338, 	339, 	343
516, 	357, 	338, 	343
517, 	356, 	357, 	353
518, 	354, 	356, 	353
519, 	337, 	338, 	357
520, 	356, 	337, 	357
521, 	327, 	358, 	355
522, 	326, 	327, 	355
523, 	358, 	356, 	354
524, 	355, 	358, 	354
525, 	328, 	336, 	358
526, 	327, 	328, 	358
527, 	336, 	337, 	356
528, 	358, 	336, 	356
529, 	359, 	360, 	350
530, 	351, 	359, 	350
531, 	360, 	345, 	346
532, 	350, 	360, 	346
533, 	354, 	353, 	360
534, 	359, 	354, 	360
535, 	353, 	344, 	345
536, 	360, 	353, 	345
537, 	325, 	361, 	352
538, 	324, 	325, 	352
539, 	361, 	359, 	351
540, 	352, 	361, 	351
541, 	326, 	355, 	361
542, 	325, 	326, 	361
543, 	355, 	354, 	359
544, 	361, 	355, 	359
545, 	365, 	366, 	362
546, 	363, 	365, 	362
547, 	366, 	347, 	348
548, 	362, 	366, 	348
549, 	351, 	350, 	366
550, 	365, 	351, 	366
551, 	350, 	346, 	347
552, 	366, 	350, 	347
553, 	323, 	367, 	364
554, 	322, 	323, 	364
555, 	367, 	365, 	363
556, 	364, 	367, 	363
557, 	324, 	352, 	367
558, 	323, 	324, 	367
559, 	352, 	351, 	365
560, 	367, 	352, 	365
561, 	368, 	369, 	94
562, 	93, 	368, 	94
563, 	369, 	349, 	95
564, 	94, 	369, 	95
565, 	363, 	362, 	369
566, 	368, 	363, 	369
567, 	362, 	348, 	349
568, 	369, 	362, 	349
569, 	321, 	370, 	92
570, 	91, 	321, 	92
571, 	370, 	368, 	93
572, 	92, 	370, 	93
573, 	322, 	364, 	370
574, 	321, 	322, 	370
575, 	364, 	363, 	368
576, 	370, 	364, 	368
577, 	378, 	374, 	375
578, 	377, 	378, 	375
579, 	371, 	372, 	374
580, 	378, 	371, 	374
581, 	73, 	378, 	377
582, 	74, 	73, 	377
583, 	72, 	371, 	378
584, 	73, 	72, 	378
585, 	379, 	376, 	341
586, 	342, 	379, 	341
587, 	377, 	375, 	376
588, 	379, 	377, 	376
589, 	75, 	379, 	342
590, 	76, 	75, 	342
591, 	74, 	377, 	379
592, 	75, 	74, 	379
593, 	381, 	345, 	344
594, 	380, 	381, 	344
595, 	373, 	346, 	345
596, 	381, 	373, 	345
597, 	374, 	381, 	380
598, 	375, 	374, 	380
599, 	372, 	373, 	381
600, 	374, 	372, 	381
601, 	382, 	343, 	339
602, 	340, 	382, 	339
603, 	380, 	344, 	343
604, 	382, 	380, 	343
605, 	376, 	382, 	340
606, 	341, 	376, 	340
607, 	375, 	380, 	382
608, 	376, 	375, 	382
609, 	387, 	383, 	384
610, 	386, 	387, 	384
611, 	98, 	97, 	383
612, 	387, 	98, 	383
613, 	69, 	387, 	386
614, 	70, 	69, 	386
615, 	66, 	98, 	387
616, 	69, 	66, 	387
617, 	388, 	385, 	372
618, 	371, 	388, 	372
619, 	386, 	384, 	385
620, 	388, 	386, 	385
621, 	71, 	388, 	371
622, 	72, 	71, 	371
623, 	70, 	386, 	388
624, 	71, 	70, 	388
625, 	349, 	390, 	96
626, 	95, 	349, 	96
627, 	390, 	383, 	97
628, 	96, 	390, 	97
629, 	348, 	389, 	390
630, 	349, 	348, 	390
631, 	389, 	384, 	383
632, 	390, 	389, 	383
633, 	347, 	391, 	389
634, 	348, 	347, 	389
635, 	391, 	385, 	384
636, 	389, 	391, 	384
637, 	346, 	373, 	391
638, 	347, 	346, 	391
639, 	373, 	372, 	385
640, 	391, 	373, 	385
641, 	403, 	406, 	402
642, 	403, 	405, 	406
643, 	402, 	399, 	400
644, 	402, 	406, 	399
645, 	405, 	394, 	406
646, 	405, 	393, 	394
647, 	406, 	395, 	399
648, 	406, 	394, 	395
649, 	330, 	407, 	404
650, 	330, 	331, 	407
651, 	404, 	405, 	403
652, 	404, 	407, 	405
653, 	331, 	392, 	407
654, 	331, 	332, 	392
655, 	407, 	393, 	405
656, 	407, 	392, 	393
657, 	338, 	401, 	339
658, 	338, 	409, 	401
659, 	409, 	400, 	401
660, 	409, 	402, 	400
661, 	337, 	409, 	338
662, 	337, 	408, 	409
663, 	408, 	402, 	409
664, 	408, 	403, 	402
665, 	328, 	410, 	336
666, 	328, 	329, 	410
667, 	336, 	408, 	337
668, 	336, 	410, 	408
669, 	329, 	404, 	410
670, 	329, 	330, 	404
671, 	410, 	403, 	408
672, 	410, 	404, 	403
673, 	414, 	411, 	412
674, 	414, 	415, 	411
675, 	415, 	397, 	411
676, 	415, 	396, 	397
677, 	400, 	415, 	414
678, 	400, 	399, 	415
679, 	399, 	396, 	415
680, 	399, 	395, 	396
681, 	340, 	413, 	341
682, 	340, 	416, 	413
683, 	416, 	412, 	413
684, 	416, 	414, 	412
685, 	339, 	416, 	340
686, 	339, 	401, 	416
687, 	401, 	414, 	416
688, 	401, 	400, 	414
689, 	417, 	79, 	78
690, 	417, 	418, 	79
691, 	418, 	80, 	79
692, 	418, 	398, 	80
693, 	412, 	418, 	417
694, 	412, 	411, 	418
695, 	411, 	398, 	418
696, 	411, 	397, 	398
697, 	342, 	77, 	76
698, 	342, 	419, 	77
699, 	419, 	78, 	77
700, 	419, 	417, 	78
701, 	341, 	419, 	342
702, 	341, 	413, 	419
703, 	413, 	417, 	419
704, 	413, 	412, 	417
705, 	424, 	427, 	423
706, 	424, 	426, 	427
707, 	423, 	420, 	421
708, 	423, 	427, 	420
709, 	426, 	118, 	427
710, 	426, 	119, 	118
711, 	427, 	117, 	420
712, 	427, 	118, 	117
713, 	334, 	428, 	425
714, 	334, 	335, 	428
715, 	425, 	426, 	424
716, 	425, 	428, 	426
717, 	335, 	120, 	428
718, 	335, 	121, 	120
719, 	428, 	119, 	426
720, 	428, 	120, 	119
721, 	393, 	430, 	394
722, 	393, 	429, 	430
723, 	394, 	422, 	395
724, 	394, 	430, 	422
725, 	429, 	423, 	430
726, 	429, 	424, 	423
727, 	430, 	421, 	422
728, 	430, 	423, 	421
729, 	332, 	431, 	392
730, 	332, 	333, 	431
731, 	392, 	429, 	393
732, 	392, 	431, 	429
733, 	333, 	425, 	431
734, 	333, 	334, 	425
735, 	431, 	424, 	429
736, 	431, 	425, 	424
737, 	433, 	436, 	432
738, 	433, 	435, 	436
739, 	432, 	83, 	82
740, 	432, 	436, 	83
741, 	435, 	114, 	436
742, 	435, 	115, 	114
743, 	436, 	65, 	83
744, 	436, 	114, 	65
745, 	421, 	437, 	434
746, 	421, 	420, 	437
747, 	434, 	435, 	433
748, 	434, 	437, 	435
749, 	420, 	116, 	437
750, 	420, 	117, 	116
751, 	437, 	115, 	435
752, 	437, 	116, 	115
753, 	398, 	81, 	80
754, 	398, 	439, 	81
755, 	439, 	82, 	81
756, 	439, 	432, 	82
757, 	397, 	439, 	398
758, 	397, 	438, 	439
759, 	438, 	432, 	439
760, 	438, 	433, 	432
761, 	395, 	440, 	396
762, 	395, 	422, 	440
763, 	396, 	438, 	397
764, 	396, 	440, 	438
765, 	422, 	434, 	440
766, 	422, 	421, 	434
767, 	440, 	433, 	438
768, 	440, 	434, 	433
769, 	459, 	462, 	458
770, 	459, 	461, 	462
771, 	458, 	455, 	456
772, 	458, 	462, 	455
773, 	461, 	450, 	462
774, 	461, 	449, 	450
775, 	462, 	451, 	455
776, 	462, 	450, 	451
777, 	460, 	461, 	459
778, 	460, 	463, 	461
779, 	463, 	449, 	461
780, 	463, 	448, 	449
781, 	112, 	463, 	460
782, 	112, 	111, 	463
783, 	111, 	448, 	463
784, 	111, 	110, 	448
785, 	85, 	465, 	86
786, 	85, 	464, 	465
787, 	86, 	457, 	87
788, 	86, 	465, 	457
789, 	464, 	458, 	465
790, 	464, 	459, 	458
791, 	465, 	456, 	457
792, 	465, 	458, 	456
793, 	67, 	466, 	84
794, 	67, 	113, 	466
795, 	84, 	464, 	85
796, 	84, 	466, 	464
797, 	113, 	460, 	466
798, 	113, 	112, 	460
799, 	466, 	459, 	464
800, 	466, 	460, 	459
801, 	468, 	471, 	467
802, 	468, 	470, 	471
803, 	467, 	323, 	322
804, 	467, 	471, 	323
805, 	470, 	454, 	471
806, 	470, 	453, 	454
807, 	471, 	324, 	323
808, 	471, 	454, 	324
809, 	456, 	472, 	469
810, 	456, 	455, 	472
811, 	469, 	470, 	468
812, 	469, 	472, 	470
813, 	455, 	452, 	472
814, 	455, 	451, 	452
815, 	472, 	453, 	470
816, 	472, 	452, 	453
817, 	89, 	474, 	90
818, 	89, 	473, 	474
819, 	90, 	321, 	91
820, 	90, 	474, 	321
821, 	473, 	467, 	474
822, 	473, 	468, 	467
823, 	474, 	322, 	321
824, 	474, 	467, 	322
825, 	87, 	475, 	88
826, 	87, 	457, 	475
827, 	88, 	473, 	89
828, 	88, 	475, 	473
829, 	457, 	469, 	475
830, 	457, 	456, 	469
831, 	475, 	468, 	473
832, 	475, 	469, 	468
833, 	482, 	479, 	480
834, 	482, 	483, 	479
835, 	483, 	442, 	479
836, 	483, 	441, 	442
837, 	108, 	483, 	482
838, 	108, 	107, 	483
839, 	107, 	441, 	483
840, 	107, 	106, 	441
841, 	448, 	481, 	449
842, 	448, 	484, 	481
843, 	484, 	480, 	481
844, 	484, 	482, 	480
845, 	110, 	484, 	448
846, 	110, 	109, 	484
847, 	109, 	482, 	484
848, 	109, 	108, 	482
849, 	485, 	476, 	477
850, 	485, 	486, 	476
851, 	486, 	444, 	476
852, 	486, 	443, 	444
853, 	480, 	486, 	485
854, 	480, 	479, 	486
855, 	479, 	443, 	486
856, 	479, 	442, 	443
857, 	450, 	478, 	451
858, 	450, 	487, 	478
859, 	487, 	477, 	478
860, 	487, 	485, 	477
861, 	449, 	487, 	450
862, 	449, 	481, 	487
863, 	481, 	485, 	487
864, 	481, 	480, 	485
865, 	489, 	492, 	488
866, 	489, 	491, 	492
867, 	488, 	327, 	326
868, 	488, 	492, 	327
869, 	491, 	447, 	492
870, 	491, 	446, 	447
871, 	492, 	328, 	327
872, 	492, 	447, 	328
873, 	490, 	491, 	489
874, 	490, 	493, 	491
875, 	493, 	446, 	491
876, 	493, 	445, 	446
877, 	477, 	493, 	490
878, 	477, 	476, 	493
879, 	476, 	445, 	493
880, 	476, 	444, 	445
881, 	453, 	495, 	454
882, 	453, 	494, 	495
883, 	454, 	325, 	324
884, 	454, 	495, 	325
885, 	494, 	488, 	495
886, 	494, 	489, 	488
887, 	495, 	326, 	325
888, 	495, 	488, 	326
889, 	451, 	496, 	452
890, 	451, 	478, 	496
891, 	452, 	494, 	453
892, 	452, 	496, 	494
893, 	478, 	490, 	496
894, 	478, 	477, 	490
895, 	496, 	489, 	494
896, 	496, 	490, 	489
897, 	507, 	511, 	504
898, 	505, 	507, 	504
899, 	511, 	499, 	500
900, 	504, 	511, 	500
901, 	508, 	510, 	511
902, 	507, 	508, 	511
903, 	510, 	498, 	499
904, 	511, 	510, 	499
905, 	509, 	512, 	510
906, 	508, 	509, 	510
907, 	512, 	497, 	498
908, 	510, 	512, 	498
909, 	127, 	126, 	512
910, 	509, 	127, 	512
911, 	126, 	125, 	497
912, 	512, 	126, 	497
913, 	514, 	101, 	100
914, 	513, 	514, 	100
915, 	506, 	102, 	101
916, 	514, 	506, 	101
917, 	507, 	514, 	513
918, 	508, 	507, 	513
919, 	505, 	506, 	514
920, 	507, 	505, 	514
921, 	515, 	99, 	68
922, 	128, 	515, 	68
923, 	513, 	100, 	99
924, 	515, 	513, 	99
925, 	509, 	515, 	128
926, 	127, 	509, 	128
927, 	508, 	513, 	515
928, 	509, 	508, 	515
929, 	520, 	516, 	517
930, 	519, 	520, 	517
931, 	443, 	442, 	516
932, 	520, 	443, 	516
933, 	503, 	520, 	519
934, 	502, 	503, 	519
935, 	444, 	443, 	520
936, 	503, 	444, 	520
937, 	521, 	518, 	505
938, 	504, 	521, 	505
939, 	519, 	517, 	518
940, 	521, 	519, 	518
941, 	501, 	521, 	504
942, 	500, 	501, 	504
943, 	502, 	519, 	521
944, 	501, 	502, 	521
945, 	523, 	105, 	104
946, 	522, 	523, 	104
947, 	441, 	106, 	105
948, 	523, 	441, 	105
949, 	516, 	523, 	522
950, 	517, 	516, 	522
951, 	442, 	441, 	523
952, 	516, 	442, 	523
953, 	524, 	103, 	102
954, 	506, 	524, 	102
955, 	522, 	104, 	103
956, 	524, 	522, 	103
957, 	518, 	524, 	506
958, 	505, 	518, 	506
959, 	517, 	522, 	524
960, 	518, 	517, 	524
961, 	531, 	532, 	528
962, 	529, 	531, 	528
963, 	532, 	335, 	334
964, 	528, 	532, 	334
965, 	123, 	122, 	532
966, 	531, 	123, 	532
967, 	122, 	121, 	335
968, 	532, 	122, 	335
969, 	497, 	533, 	530
970, 	498, 	497, 	530
971, 	533, 	531, 	529
972, 	530, 	533, 	529
973, 	125, 	124, 	533
974, 	497, 	125, 	533
975, 	124, 	123, 	531
976, 	533, 	124, 	531
977, 	534, 	535, 	525
978, 	526, 	534, 	525
979, 	535, 	333, 	332
980, 	525, 	535, 	332
981, 	529, 	528, 	535
982, 	534, 	529, 	535
983, 	528, 	334, 	333
984, 	535, 	528, 	333
985, 	499, 	536, 	527
986, 	500, 	499, 	527
987, 	536, 	534, 	526
988, 	527, 	536, 	526
989, 	498, 	530, 	536
990, 	499, 	498, 	536
991, 	530, 	529, 	534
992, 	536, 	530, 	534
993, 	540, 	541, 	537
994, 	538, 	540, 	537
995, 	541, 	331, 	330
996, 	537, 	541, 	330
997, 	526, 	525, 	541
998, 	540, 	526, 	541
999, 	525, 	332, 	331
1000, 	541, 	525, 	331
1001, 	501, 	542, 	539
1002, 	502, 	501, 	539
1003, 	542, 	540, 	538
1004, 	539, 	542, 	538
1005, 	500, 	527, 	542
1006, 	501, 	500, 	542
1007, 	527, 	526, 	540
1008, 	542, 	527, 	540
1009, 	543, 	544, 	447
1010, 	446, 	543, 	447
1011, 	544, 	329, 	328
1012, 	447, 	544, 	328
1013, 	538, 	537, 	544
1014, 	543, 	538, 	544
1015, 	537, 	330, 	329
1016, 	544, 	537, 	329
1017, 	545, 	543, 	446
1018, 	445, 	545, 	446
1019, 	539, 	538, 	543
1020, 	545, 	539, 	543
1021, 	503, 	545, 	445
1022, 	444, 	503, 	445
1023, 	502, 	539, 	545
1024, 	503, 	502, 	545
*****