**
**
**Template:  Plate Vibration
**
*NODE
1,    0.0000,    0.0000,    0.0000
2,    0.7328,    0.2936,    -0.268
3,    1.4656,    0.5873,    -0.536
4,    2.1985,    0.8810,    -0.805
5,    2.9313,    1.1746,    -1.073
6,    3.6641,    1.4683,    -1.341
7,    4.3970,    1.7620,    -1.610
8,    -0.151,    0.7194,    0.3910
9,    0.5811,    1.0131,    0.1227
10,    1.3140,    1.3068,    -0.145
11,    2.0468,    1.6004,    -0.413
12,    2.7796,    1.8941,    -0.682
13,    3.5125,    2.1878,    -0.950
14,    4.2453,    2.4814,    -1.218
15,    -0.303,    1.4390,    0.7821
16,    0.4294,    1.7326,    0.5138
17,    1.1623,    2.0263,    0.2455
18,    1.8951,    2.3200,    -0.022
19,    2.6279,    2.6136,    -0.291
20,    3.3608,    2.9073,    -0.559
21,    4.0936,    3.2010,    -0.827
22,    -0.455,    2.1585,    1.1732
23,    0.2778,    2.4521,    0.9049
24,    1.0106,    2.7458,    0.6365
25,    1.7435,    3.0395,    0.3682
26,    2.4763,    3.3331,    0.0999
27,    3.2091,    3.6268,    -0.168
28,    3.9420,    3.9205,    -0.436
29,    -0.606,    2.8779,    1.5643
30,    0.1261,    3.1716,    1.2959
31,    0.8590,    3.4653,    1.0276
32,    1.5918,    3.7589,    0.7593
33,    2.3246,    4.0526,    0.4909
34,    3.0575,    4.3463,    0.2226
35,    3.7903,    4.6399,    -0.045
36,    -0.758,    3.5975,    1.9554
37,    -0.025,    3.8911,    1.6871
38,    0.7073,    4.1848,    1.4187
39,    1.4401,    4.4785,    1.1504
40,    2.1729,    4.7721,    0.8821
41,    2.9058,    5.0658,    0.6137
42,    3.6386,    5.3595,    0.3454
43,    -0.910,    4.3170,    2.3465
44,    -0.177,    4.6106,    2.0781
45,    0.5556,    4.9043,    1.8098
46,    1.2885,    5.1980,    1.5415
47,    2.0213,    5.4916,    1.2731
48,    2.7541,    5.7853,    1.0048
49,    3.4870,    6.0790,    0.7365
*ELEMENT,TYPE=S3
1,		1,		2,		8
2,		9,		8,		2
3,		2,		3,		9
4,		10,		9,		3
5,		3,		4,		10
6,		11,		10,		4
7,		4,		5,		11
8,		12,		11,		5
9,		5,		6,		12
10,		13,		12,		6
11,		6,		7,		13
12,		14,		13,		7
13,		8,		9,		15
14,		16,		15,		9
15,		9,		10,		16
16,		17,		16,		10
17,		10,		11,		17
18,		18,		17,		11
19,		11,		12,		18
20,		19,		18,		12
21,		12,		13,		19
22,		20,		19,		13
23,		13,		14,		20
24,		21,		20,		14
25,		15,		16,		22
26,		23,		22,		16
27,		16,		17,		23
28,		24,		23,		17
29,		17,		18,		24
30,		25,		24,		18
31,		18,		19,		25
32,		26,		25,		19
33,		19,		20,		26
34,		27,		26,		20
35,		20,		21,		27
36,		28,		27,		21
37,		22,		23,		29
38,		30,		29,		23
39,		23,		24,		30
40,		31,		30,		24
41,		24,		25,		31
42,		32,		31,		25
43,		25,		26,		32
44,		33,		32,		26
45,		26,		27,		33
46,		34,		33,		27
47,		27,		28,		34
48,		35,		34,		28
49,		29,		30,		36
50,		37,		36,		30
51,		30,		31,		37
52,		38,		37,		31
53,		31,		32,		38
54,		39,		38,		32
55,		32,		33,		39
56,		40,		39,		33
57,		33,		34,		40
58,		41,		40,		34
59,		34,		35,		41
60,		42,		41,		35
61,		36,		37,		43
62,		44,		43,		37
63,		37,		38,		44
64,		45,		44,		38
65,		38,		39,		45
66,		46,		45,		39
67,		39,		40,		46
68,		47,		46,		40
69,		40,		41,		47
70,		48,		47,		41
71,		41,		42,		48
72,		49,		48,		42
*MATERIAL_DATA
0,		Default material,		207000,		80000,		7.83e-09,		10,		0.3
3,		New Material,		1e+07,		80000,		0.000259,		0.5,		0.3
1,		1,		3
2,		1,		3
3,		1,		3
4,		1,		3
5,		1,		3
6,		1,		3
7,		1,		3
8,		1,		3
9,		1,		3
10,		1,		3
11,		1,		3
12,		1,		3
13,		1,		3
14,		1,		3
15,		1,		3
16,		1,		3
17,		1,		3
18,		1,		3
19,		1,		3
20,		1,		3
21,		1,		3
22,		1,		3
23,		1,		3
24,		1,		3
25,		1,		3
26,		1,		3
27,		1,		3
28,		1,		3
29,		1,		3
30,		1,		3
31,		1,		3
32,		1,		3
33,		1,		3
34,		1,		3
35,		1,		3
36,		1,		3
37,		1,		3
38,		1,		3
39,		1,		3
40,		1,		3
41,		1,		3
42,		1,		3
43,		1,		3
44,		1,		3
45,		1,		3
46,		1,		3
47,		1,		3
48,		1,		3
49,		1,		3
50,		1,		3
51,		1,		3
52,		1,		3
53,		1,		3
54,		1,		3
55,		1,		3
56,		1,		3
57,		1,		3
58,		1,		3
59,		1,		3
60,		1,		3
61,		1,		3
62,		1,		3
63,		1,		3
64,		1,		3
65,		1,		3
66,		1,		3
67,		1,		3
68,		1,		3
69,		1,		3
70,		1,		3
71,		1,		3
72,		1,		3
*CONSTRAINT_DATA
*LOAD_DATA
*INITIAL_CONDITION_DATA
*****
