**
**
**Template:  Plate Vibration
**
*NODE
1,		0,		0,		0
2,		0.8333,		0,		0
3,		1.6667,		0,		0
4,		2.5,		0,		0
5,		3.3333,		0,		0
6,		4.1667,		0,		0
7,		5,		0,		0
8,		0,		0.8333,		0
9,		0.8333,		0.8333,		0
10,		1.6667,		0.8333,		0
11,		2.5,		0.8333,		0
12,		3.3333,		0.8333,		0
13,		4.1667,		0.8333,		0
14,		5,		0.8333,		0
15,		0,		1.6667,		0
16,		0.8333,		1.6667,		0
17,		1.6667,		1.6667,		0
18,		2.5,		1.6667,		0
19,		3.3333,		1.6667,		0
20,		4.1667,		1.6667,		0
21,		5,		1.6667,		0
22,		0,		2.5,		0
23,		0.8333,		2.5,		0
24,		1.6667,		2.5,		0
25,		2.5,		2.5,		0
26,		3.3333,		2.5,		0
27,		4.1667,		2.5,		0
28,		5,		2.5,		0
29,		0,		3.3333,		0
30,		0.8333,		3.3333,		0
31,		1.6667,		3.3333,		0
32,		2.5,		3.3333,		0
33,		3.3333,		3.3333,		0
34,		4.1667,		3.3333,		0
35,		5,		3.3333,		0
36,		0,		4.1667,		0
37,		0.8333,		4.1667,		0
38,		1.6667,		4.1667,		0
39,		2.5,		4.1667,		0
40,		3.3333,		4.1667,		0
41,		4.1667,		4.1667,		0
42,		5,		4.1667,		0
43,		0,		5,		0
44,		0.8333,		5,		0
45,		1.6667,		5,		0
46,		2.5,		5,		0
47,		3.3333,		5,		0
48,		4.1667,		5,		0
49,		5,		5,		0
*ELEMENT,TYPE=S4
1,		1,		2,		9,		8
2,		2,		3,		10,		9
3,		3,		4,		11,		10
4,		4,		5,		12,		11
5,		5,		6,		13,		12
6,		6,		7,		14,		13
7,		8,		9,		16,		15
8,		9,		10,		17,		16
9,		10,		11,		18,		17
10,		11,		12,		19,		18
11,		12,		13,		20,		19
12,		13,		14,		21,		20
13,		15,		16,		23,		22
14,		16,		17,		24,		23
15,		17,		18,		25,		24
16,		18,		19,		26,		25
17,		19,		20,		27,		26
18,		20,		21,		28,		27
19,		22,		23,		30,		29
20,		23,		24,		31,		30
21,		24,		25,		32,		31
22,		25,		26,		33,		32
23,		26,		27,		34,		33
24,		27,		28,		35,		34
25,		29,		30,		37,		36
26,		30,		31,		38,		37
27,		31,		32,		39,		38
28,		32,		33,		40,		39
29,		33,		34,		41,		40
30,		34,		35,		42,		41
31,		36,		37,		44,		43
32,		37,		38,		45,		44
33,		38,		39,		46,		45
34,		39,		40,		47,		46
35,		40,		41,		48,		47
36,		41,		42,		49,		48
*MATERIAL_DATA
0,		fault material,		207000,		80000,		7.83e-09,		10,		0.3
1,		w Material,		1e+07,		80000,		0.000259,		0.5,		0.3
1,		2,		1
2,		2,		1
3,		2,		1
4,		2,		1
5,		2,		1
6,		2,		1
7,		2,		1
8,		2,		1
9,		2,		1
10,		2,		1
11,		2,		1
12,		2,		1
13,		2,		1
14,		2,		1
15,		2,		1
16,		2,		1
17,		2,		1
18,		2,		1
19,		2,		1
20,		2,		1
21,		2,		1
22,		2,		1
23,		2,		1
24,		2,		1
25,		2,		1
26,		2,		1
27,		2,		1
28,		2,		1
29,		2,		1
30,		2,		1
31,		2,		1
32,		2,		1
33,		2,		1
34,		2,		1
35,		2,		1
36,		2,		1
*CONSTRAINT_DATA
1,		0,		0,		0,		0,		0,		1,		0
2,		0.8333,		0,		0,		0,		0,		1,		0
3,		1.6667,		0,		0,		0,		0,		1,		0
4,		2.5,		0,		0,		0,		0,		1,		0
5,		3.3333,		0,		0,		0,		0,		1,		0
6,		4.1667,		0,		0,		0,		0,		1,		0
7,		5,		0,		0,		0,		0,		1,		0
*LOAD_DATA
0,		43,		0,		5,		0,		0,		0,		1,		100,		0.2,		0.2005
*INITIAL_CONDITION_DATA
*****
